array([[[[0, 0, 0, 0, 0, 0],
         [0, 0, 0, 0, 0, 0],
         [0, 0, 0, 0, 0, 0],
         [0, 0, 0, 0, 0, 0],
         [0, 0, 0, 0, 0, 0],
         [0, 0, 0, 0, 0, 0]],

        [[0, 0, 0, 0, 0, 0],
         [0, 0, 0, 0, 0, 0],
         [0, 0, 0, 0, 0, 0],
         [0, 0, 0, 0, 0, 0],
         [0, 0, 0, 0, 0, 0],
         [0, 0, 0, 0, 0, 0]],

        [[0, 0, 0, 0, 0, 0],
         [0, 0, 0, 0, 0, 0],
         [0, 0, 0, 0, 0, 0],
         [0, 0, 0, 0, 0, 0],
         [0, 0, 0, 0, 0, 0],
         [0, 0, 0, 0, 0, 0]]],


       [[[0, 0, 0, 0, 0, 0],
         [1, 1, 1, 1, 1, 1],
         [1, 1, 1, 1, 1, 1],
         [0, 0, 0, 0, 0, 0],
         [0, 0, 0, 0, 0, 0],
         [0, 0, 0, 0, 0, 0]],

        [[0, 0, 0, 0, 0, 0],
         [1, 1, 1, 1, 1, 1],
         [1, 1, 1, 1, 1, 0],
         [0, 0, 0, 0, 0, 0],
         [0, 0, 0, 0, 0, 0],
         [0, 0, 0, 0, 0, 0]],

        [[0, 0, 0, 0, 0, 0],
         [1, 1, 1, 1, 1, 1],
         [1, 1, 1, 1, 1, 1],
         [0, 0, 0, 0, 0, 0],
         [0, 0, 0, 0, 0, 0],
         [0, 0, 0, 0, 0, 0]]],


       [[[0, 0, 0, 0, 0, 0],
         [1, 1, 1, 1, 1, 1],
         [1, 1, 1, 1, 1, 1],
         [0, 0, 0, 0, 0, 0],
         [0, 0, 0, 0, 0, 0],
         [0, 0, 0, 0, 0, 0]],

        [[0, 0, 0, 0, 0, 0],
         [1, 1, 1, 1, 1, 1],
         [1, 1, 1, 1, 1, 1],
         [0, 0, 0, 0, 0, 0],
         [0, 0, 0, 0, 0, 0],
         [0, 0, 0, 0, 0, 0]],

        [[0, 0, 0, 0, 0, 0],
         [1, 1, 1, 1, 1, 1],
         [1, 1, 1, 1, 1, 1],
         [0, 0, 0, 0, 0, 0],
         [0, 0, 0, 0, 0, 0],
         [0, 0, 0, 0, 0, 0]]],


       [[[0, 0, 0, 0, 0, 0],
         [1, 1, 1, 1, 1, 1],
         [1, 1, 1, 1, 1, 1],
         [0, 0, 0, 0, 0, 0],
         [0, 0, 0, 0, 0, 0],
         [0, 0, 0, 0, 0, 0]],

        [[0, 0, 0, 0, 0, 0],
         [1, 1, 1, 1, 1, 1],
         [1, 1, 1, 1, 1, 1],
         [1, 0, 0, 0, 0, 0],
         [0, 0, 0, 0, 0, 0],
         [0, 0, 0, 0, 0, 0]],

        [[0, 0, 0, 0, 0, 0],
         [1, 1, 1, 1, 1, 1],
         [1, 1, 1, 1, 1, 1],
         [0, 0, 0, 0, 0, 0],
         [0, 0, 0, 0, 0, 0],
         [0, 0, 0, 0, 0, 0]]],


       [[[0, 0, 0, 0, 0, 0],
         [0, 0, 0, 0, 0, 0],
         [0, 0, 0, 0, 0, 0],
         [0, 0, 0, 0, 0, 0],
         [0, 0, 0, 0, 0, 0],
         [0, 0, 0, 0, 0, 0]],

        [[0, 0, 0, 0, 0, 0],
         [0, 0, 0, 0, 0, 0],
         [0, 0, 0, 0, 0, 0],
         [0, 0, 0, 0, 0, 0],
         [0, 0, 0, 0, 0, 0],
         [0, 0, 0, 0, 0, 0]],

        [[0, 0, 0, 0, 0, 0],
         [0, 0, 0, 0, 0, 0],
         [0, 0, 0, 0, 0, 0],
         [0, 0, 0, 0, 0, 0],
         [0, 0, 0, 0, 0, 0],
         [0, 0, 0, 0, 0, 0]]]])

array([[[[ 0.        ,  0.        ,  0.        ,  0.        ,
           0.        ,  0.        ],
         [ 0.        ,  0.        ,  0.        ,  0.        ,
           0.        ,  0.        ],
         [ 0.        ,  0.        ,  0.        ,  0.        ,
           0.        ,  0.        ],
         [ 0.        ,  0.        ,  0.        ,  0.        ,
           0.        ,  0.        ],
         [ 0.        ,  0.        ,  0.        ,  0.        ,
           0.        ,  0.        ],
         [ 0.        ,  0.        ,  0.        ,  0.        ,
           0.        ,  0.        ]],

        [[ 0.        ,  0.        ,  0.        ,  0.        ,
           0.        ,  0.        ],
         [ 0.        ,  0.        ,  0.        ,  0.        ,
           0.        ,  0.        ],
         [ 0.        ,  0.        ,  0.        ,  0.        ,
           0.        ,  0.        ],
         [ 0.        ,  0.        ,  0.        ,  0.        ,
           0.        ,  0.        ],
         [ 0.        ,  0.        ,  0.        ,  0.        ,
           0.        ,  0.        ],
         [ 0.        ,  0.        ,  0.        ,  0.        ,
           0.        ,  0.        ]],

        [[ 0.        ,  0.        ,  0.        ,  0.        ,
           0.        ,  0.        ],
         [ 0.        ,  0.        ,  0.        ,  0.        ,
           0.        ,  0.        ],
         [ 0.        ,  0.        ,  0.        ,  0.        ,
           0.        ,  0.        ],
         [ 0.        ,  0.        ,  0.        ,  0.        ,
           0.        ,  0.        ],
         [ 0.        ,  0.        ,  0.        ,  0.        ,
           0.        ,  0.        ],
         [ 0.        ,  0.        ,  0.        ,  0.        ,
           0.        ,  0.        ]]],


       [[[ 0.        ,  0.        ,  0.        ,  0.        ,
           0.        ,  0.        ],
         [-0.9780053 , -0.97155514, -0.96469604, -0.95864284,
          -0.95165023, -0.93653796],
         [-0.88850776, -0.88107134, -0.87807194, -0.86829503,
          -0.86402033, -0.84566482],
         [-0.84986876, -0.85738904, -0.8660017 , -0.87346823,
          -0.87826075, -0.88801888],
         [-0.93303236, -0.94646404, -0.95313037, -0.9598167 ,
          -0.96623842, -0.97557817],
         [ 0.        ,  0.        ,  0.        ,  0.        ,
           0.        ,  0.        ]],

        [[ 0.        ,  0.        ,  0.        ,  0.        ,
           0.        ,  0.        ],
         [-0.96506066, -0.95491742, -0.94471621, -0.93418774,
          -0.919731  , -0.87745125],
         [-0.78301128, -0.76896489, -0.74903658, -0.72494245,
          -0.69527974, -0.65262126],
         [-0.67821457, -0.71485745, -0.73570029, -0.75763891,
          -0.77740895, -0.79585101],
         [-0.87925804, -0.90947854, -0.92545605, -0.93570549,
          -0.94722059, -0.96358399],
         [ 0.        ,  0.        ,  0.        ,  0.        ,
           0.        ,  0.        ]],

        [[ 0.        ,  0.        ,  0.        ,  0.        ,
           0.        ,  0.        ],
         [-0.9652122 , -0.95348056, -0.9429676 , -0.93229246,
          -0.91932151, -0.87933968],
         [-0.7869876 , -0.77409771, -0.75683269, -0.73356491,
          -0.7092196 , -0.64848372],
         [-0.64368417, -0.68674612, -0.71205914, -0.73694333,
          -0.76184242, -0.77956016],
         [-0.87501169, -0.90567058, -0.9210499 , -0.93506825,
          -0.94666578, -0.96293771],
         [ 0.        ,  0.        ,  0.        ,  0.        ,
           0.        ,  0.        ]]],


       [[[ 0.        ,  0.        ,  0.        ,  0.        ,
           0.        ,  0.        ],
         [-0.96478968, -0.95523604, -0.94576451, -0.93549948,
          -0.92451351, -0.88851069],
         [-0.80897063, -0.79886489, -0.78450861, -0.76799136,
          -0.75024846, -0.71030869],
         [-0.70843436, -0.73484234, -0.7531846 , -0.76860753,
          -0.78833684, -0.80335111],
         [-0.88320689, -0.91072819, -0.92476726, -0.93777197,
          -0.94859364, -0.96219919],
         [ 0.        ,  0.        ,  0.        ,  0.        ,
           0.        ,  0.        ]],

        [[ 0.        ,  0.        ,  0.        ,  0.        ,
           0.        ,  0.        ],
         [-0.96540207, -0.95423479, -0.94381891, -0.932225  ,
          -0.91908999, -0.87879274],
         [-0.78607265, -0.77460512, -0.7533953 , -0.72944809,
          -0.70513628, -0.63678651],
         [-0.63470706, -0.68262027, -0.70738804, -0.7336568 ,
          -0.75928708, -0.77872068],
         [-0.87059065, -0.90621077, -0.92113618, -0.93341831,
          -0.94539368, -0.96081005],
         [ 0.        ,  0.        ,  0.        ,  0.        ,
           0.        ,  0.        ]],

        [[ 0.        ,  0.        ,  0.        ,  0.        ,
           0.        ,  0.        ],
         [-0.96730567, -0.95556445, -0.94398946, -0.93484738,
          -0.92295445, -0.89207965],
         [-0.80829844, -0.79863162, -0.78608446, -0.77029353,
          -0.75328007, -0.71294079],
         [-0.70576804, -0.73168983, -0.75004767, -0.7689737 ,
          -0.78684889, -0.80228844],
         [-0.88282697, -0.91045306, -0.92420518, -0.93669611,
          -0.94685495, -0.96001846],
         [ 0.        ,  0.        ,  0.        ,  0.        ,
           0.        ,  0.        ]]],


       [[[ 0.        ,  0.        ,  0.        ,  0.        ,
           0.        ,  0.        ],
         [-0.96536501, -0.95357606, -0.94400999, -0.93247667,
          -0.91974088, -0.87976726],
         [-0.78647454, -0.77344997, -0.7573143 , -0.7366332 ,
          -0.71144019, -0.64891729],
         [-0.64523713, -0.68709213, -0.71283136, -0.73635781,
          -0.76164051, -0.77880151],
         [-0.87497972, -0.9058964 , -0.91967125, -0.93215688,
          -0.94516434, -0.95961162],
         [ 0.        ,  0.        ,  0.        ,  0.        ,
           0.        ,  0.        ]],

        [[ 0.        ,  0.        ,  0.        ,  0.        ,
           0.        ,  0.        ],
         [-0.9665988 , -0.95612547, -0.94474322, -0.93310058,
          -0.92023609, -0.88533931],
         [-0.80141995, -0.78761676, -0.7741532 , -0.75591765,
          -0.73445391, -0.68419427],
         [-0.65140969, -0.66515337, -0.69996135, -0.72530301,
          -0.75180292, -0.77591073],
         [-0.86927366, -0.90618757, -0.91845348, -0.93391329,
          -0.94462306, -0.95959427],
         [ 0.        ,  0.        ,  0.        ,  0.        ,
           0.        ,  0.        ]],

        [[ 0.        ,  0.        ,  0.        ,  0.        ,
           0.        ,  0.        ],
         [-0.97752497, -0.97142825, -0.96605229, -0.95991488,
          -0.9527745 , -0.93697259],
         [-0.88896057, -0.88344125, -0.8818176 , -0.87435853,
          -0.8666635 , -0.85409046],
         [-0.84778979, -0.85573841, -0.86384065, -0.87013163,
          -0.87856155, -0.88615987],
         [-0.93254148, -0.94500677, -0.95183464, -0.96037141,
          -0.96718055, -0.9757699 ],
         [ 0.        ,  0.        ,  0.        ,  0.        ,
           0.        ,  0.        ]]],


       [[[ 0.        ,  0.        ,  0.        ,  0.        ,
           0.        ,  0.        ],
         [ 0.        ,  0.        ,  0.        ,  0.        ,
           0.        ,  0.        ],
         [ 0.        ,  0.        ,  0.        ,  0.        ,
           0.        ,  0.        ],
         [ 0.        ,  0.        ,  0.        ,  0.        ,
           0.        ,  0.        ],
         [ 0.        ,  0.        ,  0.        ,  0.        ,
           0.        ,  0.        ],
         [ 0.        ,  0.        ,  0.        ,  0.        ,
           0.        ,  0.        ]],

        [[ 0.        ,  0.        ,  0.        ,  0.        ,
           0.        ,  0.        ],
         [ 0.        ,  0.        ,  0.        ,  0.        ,
           0.        ,  0.        ],
         [ 0.        ,  0.        ,  0.        ,  0.        ,
           0.        ,  0.        ],
         [ 0.        ,  0.        ,  0.        ,  0.        ,
           0.        ,  0.        ],
         [ 0.        ,  0.        ,  0.        ,  0.        ,
           0.        ,  0.        ],
         [ 0.        ,  0.        ,  0.        ,  0.        ,
           0.        ,  0.        ]],

        [[ 0.        ,  0.        ,  0.        ,  0.        ,
           0.        ,  0.        ],
         [ 0.        ,  0.        ,  0.        ,  0.        ,
           0.        ,  0.        ],
         [ 0.        ,  0.        ,  0.        ,  0.        ,
           0.        ,  0.        ],
         [ 0.        ,  0.        ,  0.        ,  0.        ,
           0.        ,  0.        ],
         [ 0.        ,  0.        ,  0.        ,  0.        ,
           0.        ,  0.        ],
         [ 0.        ,  0.        ,  0.        ,  0.        ,
           0.        ,  0.        ]]]])